Agency Name,Department of Water and Environmental Regulation
Agency Code,DWER
Program,Estuary
Project,SWANEST
Data File Name,C:\Users\00065525\Github\csiem-data\ingestion\dwer\swanest\616189_Max_Stage_Height_DATA.csv
Location,ingestion/dwer/swanest
Station Status,Active
Lat,-31.751071325
Long,116.024830094
Time Zone,GMT +8
Vertical Datum,mAHD
National Station ID,616189
Site Description,616189
Bad or Unavailable Data Value,NaN
Contact Email,wir@water.wa.gov.au
Data Classification,WQ Grab
Sampling Rate (min),1440.0000
Date,dd-mm-yyyy HH:MM:SS
Depth,Decimal
Max Stage Height (m),Decimal
QC,String
